(16,1)
(10,1), (2,11), (4,1)
(10,1), (3,11), (3,1)
(8,1), (1,2), (1,11), (2,10), (2,11), (2,1)
(3,1), (3,2), (1,1), (1,2), (1,11), (1,10), (1,9), (1,10), (2,11), (1,2), (1,1)
(1,1), (6,2), (1,11), (1,10), (1,9), (1,10), (1,11), (4,2)
(7,1), (1,10), (1,9), (1,10), (1,11), (5,1)
(1,3), (5,2), (1,6), (1,9), (1,10), (1,11), (6,2)
(2,3), (2,2), (1,13), (1,12), (2,6), (1,2), (2,3), (5,2)
(5,3), (2,5), (4,3), (2,4), (3,2)
(1,3), (1,5), (2,3), (1,13), (2,5), (4,3), (3,4), (2,3)
(1,3), (5,5), (4,3), (3,4), (3,3)
(3,3), (2,5), (2,3), (1,14), (3,3), (2,4), (1,3), (2,14)
(10,7), (1,14), (4,7), (1,14)
(1,8), (2,7), (3,8), (2,7), (1,8), (4,7), (2,8), (1,7)
(10,8), (1,7), (5,8)

