(5,0) (7,4) (4,0)
(4,0) (1,4) (1,3) (4,2) (2,3) (1,4) (3,0)
(3,0) (1,4) (1,3) (2,2) (1,4) (3,2) (1,3) (2,4) (2,0)
(2,0) (2,4) (3,2) (1,4) (5,2) (1,4) (2,0)
(2,0) (1,4) (2,2) (1,4) (7,2) (1,4) (2,0)
(2,0) (3,4) (8,2) (1,4) (2,0)
(2,0) (1,4) (8,2) (1,3) (1,4) (3,0)
(3,0) (2,4) (6,2) (1,4) (2,0) (1,4) (1,0)
(5,0) (1,4) (1,3) (4,2) (1,4) (2,0) (1,3) (1,4)
(6,0) (1,4) (2,3) (2,2) (1,3) (1,4) (2,0) (1,3) 
(5,0) (1,4) (4,2) (1,4) (2,2) (1,4) (2,0)
(4,0) (1,4) (1,3) (4,2) (1,3) (1,4) (1,2) (1,4) (2,0)
(3,0) (1,4) (1,1) (1,4) (1,3) (4,2) (1,4) (1,2) (1,3) (1,4) (1,0)
(3,0) (1,4) (2,1) (1,4) (4,2) (1,3) (1,4) (1,2) (1,4) (1,0)
(2,0) (1,4) (3,1) (1,4) (5,2) (1,4) (1,2) (1,4) (1,0)
(2,0) (1,4) (3,1) (1,4) (1,3) (4,2) (1,4) (1,2) (1,3) (1,4)