(5,0) (7,5)
(7, 0) (3, 3) (6, 0)
(6, 0) (1, 3) (2, 2) (2, 3)
(6, 0) (1, 3) (1, 2) (1, 1) (2, 4)
(6, 0) (1, 3) (2, 2) (2, 4) (3, 0) (1, 3)
(5, 0) (3, 3) (1, 2) (1, 1) (1, 4) (2, 0) (1, 3) (1, 5)
(5, 0) (4, 3) (3, 0) (2,5) (1,8)
(4,0) (1,3) (2,5) (3,3) (2,5) (2,6) (1,8)
(4,0) (4,5) (2,3) (2,6) (2,7) (1,8)
(3,0) (4,5) (1,8) (2,3) (2,7) (2,8)
(3,0) (3,6) (1,8) (2,3) (3,8)
(2,0) (2,6) (2,7) (1,8) (2,3)
(2,0) (2,7) (2,8) (2,3)
(2,0) (3,8) (1,4) (1,0) (2,4)
(2,0) (1,3) (1,8) (2,4) (2,0) (2,4)
(2,0) (1,3)